openalex_id,citations_year_1_exact,citations_year_2_exact,citations_first_2y_exact
W2790329997,18,37,55
W3035993398,67,117,184
W3156629428,47,57,104
W3021404478,3,22,25
W2899925677,7,21,28
W2791767244,4,16,20
W3187077618,19,37,56
W3046623091,13,28,41
W3010323725,7,27,34
W2947502109,3,8,11
W3002200341,3,23,26
W2790321402,3,9,12
W3046084205,23,23,46
W2782548323,4,3,7
W3025743093,6,13,19
W3190719713,1,10,11
W3046137552,5,8,13
W2954431105,1,11,12
W4385407821,5,10,15
W2944728672,6,8,14
W3019672155,13,8,21
W2921330616,4,7,11
W3045759485,2,8,10
W4211232913,1,6,7
W3204728458,0,3,3
W3211858524,0,1,1
W2865206450,3,4,7
W3180605482,1,7,8
W3159389140,4,3,7
W4226159183,3,1,4
W4292583793,3,2,5
W4376485163,0,0,0
W2933460872,0,1,1
W2792195884,0,0,0
W4211017947,89,200,289
W2945642553,26,81,107
W2894570562,6,16,22
W2886254547,2,18,20
W3125151526,24,33,57
W2896697583,5,23,28
W4387911645,37,90,127
W3035397394,0,5,5
W2773474413,8,9,17
W2994888375,8,16,24
W4387825506,22,47,69
W3104951756,5,8,13
W2883439519,1,3,4
W4386503325,2,2,4
W2969592549,28,70,98
W2981648895,15,49,64
W2949662106,12,42,54
W4200223078,14,20,34
W3155369303,11,11,22
W3210882272,18,23,41
W3167582831,25,11,36
W3171403284,26,5,31
W3189591003,5,8,13
W2979444344,1,6,7
W4281680173,2,10,12
W4328089958,7,11,18
W4308864961,5,4,9
W4387373670,9,3,12
W2796031582,2,2,4
W3000243374,1,3,4
W4318263619,2,1,3
W4281258287,1,4,5
W2891939374,0,0,0
W2945655797,0,0,0
W2946876550,0,0,0
W3126201551,0,0,0
W3155227820,0,0,0
W3081223604,50,164,214
W3045287773,72,124,196
W4200339548,67,168,235
W2949830037,12,23,35
W2914598905,1,5,6
W2858064473,0,11,11
W2904215775,1,10,11
W3034641625,1,12,13
W3009213601,7,6,13
W2970582112,1,6,7
W3017353988,1,7,8
W2935687046,4,5,9
W3040970828,4,5,9
W3087320115,4,4,8
W3196856862,5,3,8
W3186603587,2,3,5
W3164349517,6,5,11
W4366606376,3,7,10
W2954609453,2,2,4
W3123432492,0,1,1
W2991125038,2,0,2
W2896788037,0,1,1
W2972121854,11,35,46
W2806579811,4,11,15
W4317438847,13,20,33
W4308456263,3,7,10
W3085756034,3,6,9
W4385236200,7,9,16
W3130986123,2,3,5
W4311952994,1,11,12
W4313232220,2,7,9
W3108100133,2,4,6
W3134547945,3,1,4
W2800679889,0,2,2
W2955692323,8,27,35
W3104987825,11,19,30
W2962425174,2,7,9
W4310453988,4,9,13
W3094411864,2,0,2
W2905361415,1,3,4
W2797994200,0,1,1
W3105259940,16,48,64
W4292857497,0,0,0
W2998125886,7,18,25
W4224231561,14,22,36
W4313487636,18,33,51
W3048832647,3,7,10
W2857902973,2,4,6
W4285736515,2,2,4
W3015586782,0,0,0
W4200063201,0,0,0
W4292707465,84,211,295
W2891829189,19,43,62
W3193526545,23,55,78
W4389130927,62,99,161
W3135925953,6,23,29
W3003500748,1,23,24
W4323811719,11,15,26
W4295511586,10,13,23
W4382722726,5,21,26
W4385999832,7,20,27
W2923568243,1,4,5
W4389948047,1,0,1
W2884059031,30,82,112
W2901471486,13,63,76
W3047992578,8,29,37
W3094284209,2,14,16
W3026855625,3,8,11
W3044954892,0,0,0
W2972050955,26,57,83
W2890650850,17,37,54
W3013392361,9,20,29
W2952470882,1,7,8
W3097828555,3,7,10
W2979770649,2,4,6
W4380682680,3,3,6
W4387745573,0,2,2
W2945683575,0,0,0
W3088292389,10,17,27
W3200145679,15,20,35
W3016410151,37,76,113
W3137447093,10,20,30
W4206452258,6,8,14
W2995631322,27,93,120
W2802951056,17,31,48
W3083910680,30,54,84
W3047322504,28,50,78
W2808816276,8,16,24
W3207368149,16,19,35
W4386196652,19,15,34
W4289688866,7,14,21
W4306247462,7,12,19
W4368617499,12,9,21
W4389635575,8,19,27
W4387397605,6,20,26
W4223903336,4,4,8
W2995434346,2,8,10
W3005142030,7,8,15
W4313418677,3,6,9
W4221021933,4,4,8
W4210279936,0,2,2
W4387324412,2,1,3
W4308658047,3,1,4
W2784774344,14,15,29
W2963929228,13,36,49
W2933884870,9,14,23
W2781475597,4,15,19
W2972948364,4,15,19
W2793556912,7,8,15
W2901794313,4,5,9
W2911944766,1,9,10
W2946681131,5,13,18
W3135515730,4,18,22
W2912399291,3,12,15
W2883310173,1,6,7
W2908481466,4,4,8
W3028500698,7,5,12
W2950606190,2,5,7
W4320917998,5,15,20
W4389092828,3,15,18
W4382361811,4,7,11
W2993130158,0,1,1
W2981963669,0,0,0
W2794847892,2,9,11
W2949694062,4,11,15
W2921295334,2,4,6
W2802677236,5,5,10
W2804704791,1,4,5
W3182771507,1,6,7
